14.41825926 14.41525926 14.44037037 14.45825926 14.49277778 14.49885185
 14.50755556 14.50103704 14.54637037 14.55603704 14.57992593 14.58203704
 14.60374074 14.62559259 14.6257037  14.61848148 14.60411111 14.64081481
 14.66666667 14.66559259 14.66525926 14.67748148 14.68385185 14.67840741
 14.71540705 14.76545318 14.85100729 14.98226012 15.16291675 15.3928612
 15.62333435 15.87259749 16.23955152 16.56338793 16.86491616 17.10521326
 17.35510952 17.7244257  18.07833138 18.33449884 18.63843857 18.96601562
 19.23684103 19.51838334 19.65457506 19.77023879 19.85913434 19.90748926
 20.08788415 20.14456414 20.37767665 20.62863659 20.74640601 20.84691556
 20.91300232 20.93102071 20.98522786 21.08006353 21.13698566 21.19702163
 21.27200848 21.30828444 21.30062366 21.35202049 21.39376429 21.39791735
 21.3774309  21.34651918 21.31581697 21.28176239 21.2406836  21.1997991
 21.20680569 21.1690761  20.96014898 20.97125345 20.93692204 20.87006856
 20.83642592 20.74093621 20.63524491 20.64112598 20.65659038 20.64422592
 20.6104394  20.55952799 20.50069048 20.59506399 20.72663277 20.69687866
 20.72226569 20.69326209 20.6409164  20.54051412 20.53050247 20.51309513
 20.49131408 20.46758685 20.47664148 20.53928732 20.62305751 20.58410761
 20.51298594 20.48460287 20.4961541  20.42663529 20.29422664 20.3310334
 20.26275287 20.27378116 20.20713354 20.19822931 20.17702775 20.14250701
 20.09252355 20.10391117 20.22389265 20.19073037 20.12480856 20.15708461
 20.06419252 19.99051413 19.97932447 19.98465654 19.98938761 19.92675521
 19.99684995 20.23565088 20.42208789 20.34995106 20.25375736 20.14091579
 19.991521   19.82562423 19.58159108 19.47878725 19.42439896 19.3737648
 19.33274455 19.27470556 19.26862473 19.21905338 19.08972738 19.06122167
 19.20309037 19.21359541 19.22783019 19.22388263 19.17597458 19.15801544
 19.04482222 18.93342084 18.92287784 18.95558541 18.99674974 18.94367922
 18.94081671 18.90547738 18.85154111 18.81886572 18.78941489 18.7530076
 18.72523125 18.74629304 18.78769725 18.81744108 18.80348193 18.7687914
 18.7486605  18.74425422 18.76638248 18.77093886 18.80688358 18.84137671
 18.71141103 18.57476276 18.54174228 18.58009861 18.66040641 18.59871143
 18.55825889 18.56192272 18.52065012 18.4836274  18.45405932 18.41795645
 18.39268794 18.43599869 18.44531004 18.47604812 18.52493202 18.49916748
 18.48112585 18.45788515 18.45365362 18.45687938 18.46685099 18.46047961
 18.40509216 18.36841867 18.36993619 18.14367589 18.12578842 17.90131035
 17.8226667  17.77080832 17.70196453 17.61636953 17.57318332 17.43914242
 17.37632747 17.41944638 17.19022654 16.88655076 16.91502435 16.9535343
 17.01376192 17.00748337 17.07352259 17.17115307 17.03922114 16.65451123
 16.65404548 16.63515309 16.6016785  16.21525576 16.18061157 16.12909201
 16.0717851  16.04790278 15.94182553 15.81912932 15.6678592  15.41307458
 15.44811096 15.50698777 15.47977808 15.46307726 15.47942711 15.50080477
 15.48682218 15.49992607 15.38790763 15.40153317 15.43718993 15.46625924
 15.48954872 15.5254271  15.35006451 15.36007781 15.24844575 15.17508808
 15.1390648  15.00185769 14.95961723 14.86840243 14.87920953 14.84160502
 14.8888783  14.91458287 14.91612079 14.80100519 14.77373849 14.76112661
 14.71600632 14.46030758 14.45905412 14.39110349 14.18541743 14.12548633
 14.10405852 14.25456766 14.26038133 14.24961626 14.06095937 13.96533475
 13.83622913 13.8223017  13.82708555 13.82287857 13.85012976 13.80510003
 13.75878484 13.748184   13.74122081 13.6401093  13.58302937 13.64103355
 13.7188635  13.52735303 13.54342332 13.60942786 13.64277211 13.57201117
 13.55541736 13.32132714
