12.48792593 12.4117037  12.50888889 12.46192593 12.45585185 12.45266667
 12.51881481 12.42459259 12.44525926 12.42933333 12.514      12.53933333
 12.5397037  12.60548148 12.54762963 12.64222222 12.67333333 12.6417037
 12.72844444 12.67355556 12.65451852 12.6737037  12.70318519 12.71311111
 12.80290719 12.86897675 12.97676257 13.13906177 13.36504949 13.65768079
 14.01795234 14.43561433 14.95443021 15.32734047 15.76742948 16.19888829
 16.67433886 17.11231103 17.57465769 17.99889835 18.46984574 19.02560412
 19.55714007 20.09284942 20.50859548 20.9864416  21.536521   22.08229357
 22.55927981 23.03118584 23.49204271 23.93410687 24.48363921 24.84544785
 25.37701373 25.95577111 26.55292556 27.08158313 27.77090151 28.16681998
 28.76462336 29.48022576 30.07429697 30.78072439 31.47039041 32.27654093
 32.48747402 33.040302   33.67929386 34.3235021  35.13841784 35.99988173
 37.4385373  37.7522601  38.06720126 39.65950817 40.13773256 40.60645442
 41.07762508 42.24471228 43.46761516 44.366533   44.30857162 45.3493589
 46.83330686 48.01486551 49.16682337 50.04896037 50.56485727 51.05351205
 51.51057669 51.94255252 53.09510618 54.15182076 54.93262783 55.37543133
 55.81530874 57.06323072 57.90327746 58.50917564 59.30201926 59.85031973
 60.53652951 61.20136758 61.83045141 62.41758062 62.74038559 63.11866134
 63.2577062  64.34323154 64.97397925 65.09238207 66.01255774 66.52677004
 67.01919199 66.61349804 66.93435969 67.37191605 66.71527225 67.64994408
 68.02652638 67.87828171 67.86010217 68.28026067 68.7180708  69.20087455
 69.74918542 70.36757341 70.8897222  71.32843599 71.76957608 72.21095972
 72.69011728 73.17087095 73.75869442 74.2405146  74.39810634 74.7960495
 74.29290661 74.07972444 73.75035027 73.51759101 73.41820555 73.57635244
 73.28688502 72.89741052 73.21925637 72.92665117 72.65619393 72.80991252
 72.52179417 72.90451228 72.81562418 72.43135391 72.85399039 72.59186094
 73.0120888  72.52928733 72.59406206 72.15305147 71.85351002 71.91753067
 71.96510792 72.28711026 72.63554928 72.1065344  72.45501783 72.86969285
 73.26664382 73.19065741 73.22207529 72.96749757 72.27592198 72.33512757
 71.80076543 70.8502068  69.63426844 67.81978844 65.78105608 65.17341663
 63.57576709 61.75535864 59.82164004 58.60031223 56.27668852 54.28697076
 52.51289788 50.53466136 48.08176919 45.63409967 45.23176684 43.30399121
 41.38716461 40.08159684 39.42808507 39.11917331 37.4986849  36.21739546
 36.32519575 36.18110547 35.72517878 35.45084687 34.67563111 33.93313827
 33.25467565 31.3472904  31.10847538 30.71287347 30.31832835 30.44787169
 30.02694312 28.68469543 28.10520065 26.87482729 26.14102783
